[11167.902379] [Project1] 5234 1588143932.636689 1588143934.554885
[11170.814938] [Project1] 5236 1588143935.594597 1588143937.467367
[11173.771721] [Project1] 5240 1588143938.494909 1588143940.427474
[11176.604729] [Project1] 5242 1588143941.358276 1588143943.260546
[11179.430705] [Project1] 5244 1588143944.214931 1588143946.81050
[11181.460895] [Project1] 5245 1588143944.219165 1588143948.116673
[11183.320408] [Project1] 5246 1588143944.222769 1588143949.976223
[11185.046705] [Project1] 5247 1588143944.224265 1588143951.699323
[11187.215415] [Project1] 5248 1588143944.230787 1588143953.871198
[11189.106492] [Project1] 5249 1588143944.234705 1588143955.758708
